setwm_label	wtd_meanp	pvol	tpeak	tpeak_se	NRF_peakht	NRF_peakht_se	width	width_se	rc	rc_se	rsum	rsum_se	n.nz
p<3|all	1.48225946969365	1.48225946969365	4.89723417714437	0.133856024818931	0.0341821436977748	0.000761208970361147	12.255552664074	0.546650727484459	0.618653415698759	0.00326196188852584	0.917004883877806	0.00483507389904719	72112
p=3-6|all	4.37318073811171	4.37318073811171	3.22923104977482	0.179520963577455	0.279924082084845	0.0231098824466366	5.92357451698563	0.52429984856649	0.749476142794556	0.00282139528757332	3.27759463134341	0.0123384715262148	7218
p=6-9|all	7.30838673341677	7.30838673341677	2.63689977289967	0.151348170500309	0.815399978481526	0.0851356139667434	3.89547395689931	0.388503291959362	0.823596042865795	0.00371468232441971	6.01915839337492	0.0271483350186468	1385
p=9-12|all	10.2833446339146	10.2833446339146	2.14878385502308	0.00320428030977569	1.27196502983984	0.00406853098960745	2.93809480753274	0.20513113036138	0.708720081764069	0.00529602563537143	7.28801284975603	0.0544608567985707	294
