setwm_label	wtd_meanp	pvol	tpeak	tpeak_se	NRF_peakht	NRF_peakht_se	width	width_se	rc	rc_se	rsum	rsum_se	n.nz
p<3|all	1.48225946969365	1.48225946969365	4.52963182058382	0.224797070107343	0.0288270738014465	0.00184323048690187	11.0488760768597	1.43725572404959	0.52149040082075	0.00127831936778479	0.772984084970893	0.00189480098819181	72120
p=3-6|all	4.37318073811171	4.37318073811171	3.24589917248437	0.174351179982539	0.272678064537634	0.0259035041359041	5.06705796938285	0.507763112080409	0.658382906659921	0.00115165297592468	2.87922744570717	0.00503638661130283	7218
p=6-9|all	7.30838673341677	7.30838673341677	2.62486171981853	0.159877242564428	0.837984703284482	0.107224136198738	3.4401542702396	0.385618353911822	0.701095182881877	0.00155595962358496	5.12387473343631	0.0113715546707405	1385
p=9-12|all	10.2833446339146	10.2833446339146	2.16489861126089	0.00223621901946676	1.35885405491193	0.0032950537586515	2.74240513955442	0.191346369191188	0.709827832610335	0.00224697715326435	7.29940423347669	0.0231064404515496	294
